version https://git-lfs.github.com/spec/v1
oid sha256:c8fd6eef98199f06f825d681e1e57e3ed9a4dd87caf903756ba8c4aca8943f66
size 155747
